4
37
0 367 453 117 240 624 769 962 709 634 657 283 246 36 854 607 811 555 405 545 588 683 559 209 839 516 517 1000 487 691 630 775 808 451 836 466 904
367 0 751 998 90 838 796 48 709 636 312 194 934 600 801 133 982 538 35 412 671 606 442 3 636 309 20 474 760 555 538 653 576 122 463 602 1000
453 751 0 113 274 738 144 673 116 663 461 75 150 211 270 2 326 217 823 99 754 429 991 318 509 70 71 800 432 1000 41 835 553 941 224 531 925
117 998 113 0 273 470 475 803 951 192 419 52 955 173 508 968 706 184 975 83 92 699 481 695 314 316 835 560 798 319 700 876 653 979 380 691 202
240 90 274 273 0 414 547 595 4 223 918 871 99 821 846 771 551 998 384 684 154 209 553 466 638 832 765 24 284 448 141 136 949 471 783 793 579
624 838 738 470 414 0 192 605 6 282 582 883 607 137 330 325 327 14 697 57 696 932 653 973 201 303 376 290 173 308 997 365 879 802 384 908 197
769 796 144 475 547 192 0 190 245 491 557 782 717 230 905 696 470 240 725 265 254 635 439 132 784 12 702 179 283 966 811 782 405 819 971 690 148
962 48 673 803 595 605 190 0 1 243 288 980 969 658 1000 269 637 252 504 237 86 153 900 387 170 817 947 780 525 447 381 279 467 941 382 141 365
709 709 116 951 4 6 245 1 0 410 608 837 895 289 462 183 876 92 431 782 519 733 384 785 483 136 524 556 417 432 940 592 83 157 917 228 811
634 636 663 192 223 282 491 243 410 0 11 442 813 314 926 573 824 307 584 33 263 688 874 806 668 503 692 545 86 247 426 879 805 691 526 960 815
657 312 461 419 918 582 557 288 608 11 0 147 252 225 11 270 466 90 99 387 965 573 675 596 458 552 995 17 686 360 971 952 783 988 81 994 277
283 194 75 52 871 883 782 980 837 442 147 0 151 925 846 546 665 117 161 95 270 11 729 78 339 17 275 100 521 522 254 143 664 997 776 450 873
246 934 150 955 99 607 717 969 895 813 252 151 0 595 498 908 625 394 977 876 970 742 247 705 633 519 499 843 390 986 580 843 553 381 984 350 968
36 600 211 173 821 137 230 658 289 314 225 925 595 0 64 141 366 488 417 603 957 747 845 913 982 721 60 368 821 651 733 533 412 912 100 584 567
854 801 270 508 846 330 905 1000 462 926 11 846 498 64 0 344 37 171 407 109 503 156 213 965 539 724 905 406 214 645 795 942 738 435 404 230 952
607 133 2 968 771 325 696 269 183 573 270 546 908 141 344 0 876 905 297 717 572 279 112 827 665 332 983 513 544 71 900 167 500 261 197 505 296
811 982 326 706 551 327 470 637 876 824 466 665 625 366 37 876 0 904 757 35 497 990 383 69 76 652 586 508 975 52 122 512 498 140 61 823 174
555 538 217 184 998 14 240 252 92 307 90 117 394 488 171 905 904 0 293 654 577 169 350 149 810 924 501 31 99 346 547 502 379 530 233 138 895
405 35 823 975 384 697 725 504 431 584 99 161 977 417 407 297 757 293 0 612 250 262 940 423 124 738 52 613 15 188 302 786 889 174 628 828 161
545 412 99 83 684 57 265 237 782 33 387 95 876 603 109 717 35 654 612 0 114 855 226 799 3 851 628 804 157 680 154 928 166 651 549 974 234
588 671 754 92 154 696 254 86 519 263 965 270 970 957 503 572 497 577 250 114 0 425 963 778 394 167 346 693 131 27 172 9 947 844 318 82 783
683 606 429 699 209 932 635 153 733 688 573 11 742 747 156 279 990 169 262 855 425 0 427 322 951 722 785 909 364 761 839 755 585 668 312 599 114
559 442 991 481 553 653 439 900 384 874 675 729 247 845 213 112 383 350 940 226 963 427 0 819 327 395 584 273 846 627 424 234 29 387 749 124 809
209 3 318 695 466 973 132 387 785 806 596 78 705 913 965 827 69 149 423 799 778 322 819 0 680 655 129 731 228 221 804 947 219 913 101 73 599
839 636 509 314 638 201 784 170 483 668 458 339 633 982 539 665 76 810 124 3 394 951 327 680 0 571 963 117 543 744 348 394 325 263 569 188 803
516 309 70 316 832 303 12 817 136 503 552 17 519 721 724 332 652 924 738 851 167 722 395 655 571 0 121 928 546 307 326 155 142 578 117 861 495
517 20 71 835 765 376 702 947 524 692 995 275 499 60 905 983 586 501 52 628 346 785 584 129 963 121 0 233 761 40 64 735 546 20 502 993 295
1000 474 800 560 24 290 179 780 556 545 17 100 843 368 406 513 508 31 613 804 693 909 273 731 117 928 233 0 245 185 366 116 721 607 788 181 745
487 760 432 798 284 173 283 525 417 86 686 521 390 821 214 544 975 99 15 157 131 364 846 228 543 546 761 245 0 544 292 4 46 476 73 713 748
691 555 1000 319 448 308 966 447 432 247 360 522 986 651 645 71 52 346 188 680 27 761 627 221 744 307 40 185 544 0 955 695 684 463 90 166 450
630 538 41 700 141 997 811 381 940 426 971 254 580 733 795 900 122 547 302 154 172 839 424 804 348 326 64 366 292 955 0 687 387 442 990 386 289
775 653 835 876 136 365 782 279 592 879 952 143 843 533 942 167 512 502 786 928 9 755 234 947 394 155 735 116 4 695 687 0 530 181 508 705 835
808 576 553 653 949 879 405 467 83 805 783 664 553 412 738 500 498 379 889 166 947 585 29 219 325 142 546 721 46 684 387 530 0 302 481 927 937
451 122 941 979 471 802 819 941 157 691 988 997 381 912 435 261 140 530 174 651 844 668 387 913 263 578 20 607 476 463 442 181 302 0 595 720 646
836 463 224 380 783 384 971 382 917 526 81 776 984 100 404 197 61 233 628 549 318 312 749 101 569 117 502 788 73 90 990 508 481 595 0 24 134
466 602 531 691 793 908 690 141 228 960 994 450 350 584 230 505 823 138 828 974 82 599 124 73 188 861 993 181 713 166 386 705 927 720 24 0 728
904 1000 925 202 579 197 148 365 811 815 277 873 968 567 952 296 174 895 161 234 783 114 809 599 803 495 295 745 748 450 289 835 937 646 134 728 0
